{
 "cells": [
  {
   "cell_type": "code",
   "execution_count": 1,
   "metadata": {},
   "outputs": [],
   "source": [
    "import json\n",
    "import numpy as np"
   ]
  },
  {
   "cell_type": "code",
   "execution_count": 2,
   "metadata": {},
   "outputs": [],
   "source": [
    "def read_json(file_path):\n",
    "    with open(file_path, \"r\") as f:\n",
    "        data = json.load(f)\n",
    "    return data"
   ]
  },
  {
   "cell_type": "markdown",
   "metadata": {},
   "source": [
    "# Intrinsics"
   ]
  },
  {
   "cell_type": "code",
   "execution_count": 3,
   "metadata": {},
   "outputs": [
    {
     "ename": "FileNotFoundError",
     "evalue": "[Errno 2] No such file or directory: '/home/amogh/research/datasets/lm/camera.json'",
     "output_type": "error",
     "traceback": [
      "\u001b[0;31m---------------------------------------------------------------------------\u001b[0m",
      "\u001b[0;31mFileNotFoundError\u001b[0m                         Traceback (most recent call last)",
      "\u001b[0;32m/tmp/ipykernel_14368/2427536672.py\u001b[0m in \u001b[0;36m<module>\u001b[0;34m\u001b[0m\n\u001b[1;32m      3\u001b[0m \u001b[0;34m\u001b[0m\u001b[0m\n\u001b[1;32m      4\u001b[0m \u001b[0mdata1\u001b[0m \u001b[0;34m=\u001b[0m \u001b[0mread_json\u001b[0m\u001b[0;34m(\u001b[0m\u001b[0mfile1\u001b[0m\u001b[0;34m)\u001b[0m\u001b[0;34m\u001b[0m\u001b[0;34m\u001b[0m\u001b[0m\n\u001b[0;32m----> 5\u001b[0;31m \u001b[0mdata2\u001b[0m \u001b[0;34m=\u001b[0m \u001b[0mread_json\u001b[0m\u001b[0;34m(\u001b[0m\u001b[0mfile2\u001b[0m\u001b[0;34m)\u001b[0m\u001b[0;34m\u001b[0m\u001b[0;34m\u001b[0m\u001b[0m\n\u001b[0m",
      "\u001b[0;32m/tmp/ipykernel_14368/489178708.py\u001b[0m in \u001b[0;36mread_json\u001b[0;34m(file_path)\u001b[0m\n\u001b[1;32m      1\u001b[0m \u001b[0;32mdef\u001b[0m \u001b[0mread_json\u001b[0m\u001b[0;34m(\u001b[0m\u001b[0mfile_path\u001b[0m\u001b[0;34m)\u001b[0m\u001b[0;34m:\u001b[0m\u001b[0;34m\u001b[0m\u001b[0;34m\u001b[0m\u001b[0m\n\u001b[0;32m----> 2\u001b[0;31m     \u001b[0;32mwith\u001b[0m \u001b[0mopen\u001b[0m\u001b[0;34m(\u001b[0m\u001b[0mfile_path\u001b[0m\u001b[0;34m,\u001b[0m \u001b[0;34m\"r\"\u001b[0m\u001b[0;34m)\u001b[0m \u001b[0;32mas\u001b[0m \u001b[0mf\u001b[0m\u001b[0;34m:\u001b[0m\u001b[0;34m\u001b[0m\u001b[0;34m\u001b[0m\u001b[0m\n\u001b[0m\u001b[1;32m      3\u001b[0m         \u001b[0mdata\u001b[0m \u001b[0;34m=\u001b[0m \u001b[0mjson\u001b[0m\u001b[0;34m.\u001b[0m\u001b[0mload\u001b[0m\u001b[0;34m(\u001b[0m\u001b[0mf\u001b[0m\u001b[0;34m)\u001b[0m\u001b[0;34m\u001b[0m\u001b[0;34m\u001b[0m\u001b[0m\n\u001b[1;32m      4\u001b[0m     \u001b[0;32mreturn\u001b[0m \u001b[0mdata\u001b[0m\u001b[0;34m\u001b[0m\u001b[0;34m\u001b[0m\u001b[0m\n",
      "\u001b[0;31mFileNotFoundError\u001b[0m: [Errno 2] No such file or directory: '/home/amogh/research/datasets/lm/camera.json'"
     ]
    }
   ],
   "source": [
    "file1 = \"/home/amogh/spatial_guide_intern/data/with_masks/laptop_closed/13-22-metadata.json\"\n",
    "file2 = \"/home/amogh/research/datasets/lm/camera.json\"\n",
    "\n",
    "data1 = read_json(file1)\n",
    "data2 = read_json(file2)"
   ]
  },
  {
   "cell_type": "code",
   "execution_count": 4,
   "metadata": {},
   "outputs": [
    {
     "data": {
      "text/plain": [
       "dict_keys(['335094.385125.jpg', '335088.383020.jpg', '335083.381273.jpg', '335085.381971.jpg', '335090.883897.jpg', '335092.884598.jpg', '335095.885640.jpg', '335082.380921.jpg', '335085.882146.jpg', '335088.883195.jpg', '335081.380571.jpg', '335096.885988.jpg', '335093.884949.jpg', '335086.382329.jpg', '335093.384767.jpg', '335080.880396.jpg', '335098.886690.jpg', '335094.885290.jpg', '335092.384426.jpg', '335084.381629.jpg', '335089.883544.jpg', '335087.382669.jpg', '335086.882504.jpg', '335084.881797.jpg', '335098.386518.jpg', '335082.881097.jpg', '335081.880754.jpg', '335096.385814.jpg', '335087.882845.jpg', '335089.383375.jpg', '335097.386163.jpg', '335091.884242.jpg', '335090.383725.jpg', '335097.886338.jpg', '335095.385473.jpg', '335091.384069.jpg', '335083.881447.jpg'])"
      ]
     },
     "execution_count": 4,
     "metadata": {},
     "output_type": "execute_result"
    }
   ],
   "source": [
    "data1.keys()"
   ]
  },
  {
   "cell_type": "code",
   "execution_count": 5,
   "metadata": {},
   "outputs": [
    {
     "data": {
      "text/plain": [
       "dict_keys(['cx', 'cy', 'depth_scale', 'fx', 'fy', 'height', 'width'])"
      ]
     },
     "execution_count": 5,
     "metadata": {},
     "output_type": "execute_result"
    }
   ],
   "source": [
    "data2.keys()"
   ]
  },
  {
   "cell_type": "code",
   "execution_count": 6,
   "metadata": {},
   "outputs": [],
   "source": [
    "data1_keys = list(data1.keys())"
   ]
  },
  {
   "cell_type": "code",
   "execution_count": 7,
   "metadata": {},
   "outputs": [],
   "source": [
    "cam_intrinsics = {}\n",
    "dict1 = {}\n",
    "for i in range(len(data1_keys)):\n",
    "    dict1[\"cam_K\"] = list(np.array(data1[data1_keys[i]]['cameraIntrinsics']).reshape(-1,))\n",
    "    dict1[\"depth_scale\"] = 0.1\n",
    "    cam_intrinsics[str(i)] = dict1"
   ]
  },
  {
   "cell_type": "code",
   "execution_count": 8,
   "metadata": {},
   "outputs": [],
   "source": [
    "cam_intrinsics_path = \"/home/amogh/spatial_guide_intern/data/lm_format/train_pbr/000100/scene_camera.json\"\n",
    "\n",
    "# with open(cam_intrinsics_path, \"w\") as f:\n",
    "#     json.dump(cam_intrinsics, f)"
   ]
  },
  {
   "cell_type": "markdown",
   "metadata": {},
   "source": [
    "# Extrinsics"
   ]
  },
  {
   "cell_type": "code",
   "execution_count": 26,
   "metadata": {},
   "outputs": [],
   "source": [
    "file1 = \"/home/amogh/spatial_guide_intern/data/with_masks/laptop_closed/13-22-metadata.json\"\n",
    "file2 = \"/home/amogh/research/datasets/lm_format/train/000004/scene_gt.json\""
   ]
  },
  {
   "cell_type": "code",
   "execution_count": 27,
   "metadata": {},
   "outputs": [],
   "source": [
    "data1 = read_json(file1)\n",
    "data2 = read_json(file2)"
   ]
  },
  {
   "cell_type": "code",
   "execution_count": 30,
   "metadata": {},
   "outputs": [
    {
     "data": {
      "text/plain": [
       "dict_keys(['0', '1', '2', '3', '4', '5', '6', '7', '8', '9', '10', '11', '12', '13', '14', '15', '16', '17', '18', '19', '20', '21', '22', '23', '24', '25', '26', '27', '28', '29', '30', '31', '32', '33', '34', '35', '36', '37', '38', '39', '40', '41', '42', '43', '44', '45', '46', '47', '48', '49', '50', '51', '52', '53', '54', '55', '56', '57', '58', '59', '60', '61', '62', '63', '64', '65', '66', '67', '68', '69', '70', '71', '72', '73', '74', '75', '76', '77', '78', '79', '80', '81', '82', '83', '84', '85', '86', '87', '88', '89', '90', '91', '92', '93', '94', '95', '96', '97', '98', '99', '100', '101', '102', '103', '104', '105', '106', '107', '108', '109', '110', '111', '112', '113', '114', '115', '116', '117', '118', '119', '120', '121', '122', '123', '124', '125', '126', '127', '128', '129', '130', '131', '132', '133', '134', '135', '136', '137', '138', '139', '140', '141', '142', '143', '144', '145', '146', '147', '148', '149', '150', '151', '152', '153', '154', '155', '156', '157', '158', '159', '160', '161', '162', '163', '164', '165', '166', '167', '168', '169', '170', '171', '172', '173', '174', '175', '176', '177', '178', '179', '180', '181', '182', '183', '184', '185', '186', '187', '188', '189', '190', '191', '192', '193', '194', '195', '196', '197', '198', '199', '200', '201', '202', '203', '204', '205', '206', '207', '208', '209', '210', '211', '212', '213', '214', '215', '216', '217', '218', '219', '220', '221', '222', '223', '224', '225', '226', '227', '228', '229', '230', '231', '232', '233', '234', '235', '236', '237', '238', '239', '240', '241', '242', '243', '244', '245', '246', '247', '248', '249', '250', '251', '252', '253', '254', '255', '256', '257', '258', '259', '260', '261', '262', '263', '264', '265', '266', '267', '268', '269', '270', '271', '272', '273', '274', '275', '276', '277', '278', '279', '280', '281', '282', '283', '284', '285', '286', '287', '288', '289', '290', '291', '292', '293', '294', '295', '296', '297', '298', '299', '300', '301', '302', '303', '304', '305', '306', '307', '308', '309', '310', '311', '312', '313', '314', '315', '316', '317', '318', '319', '320', '321', '322', '323', '324', '325', '326', '327', '328', '329', '330', '331', '332', '333', '334', '335', '336', '337', '338', '339', '340', '341', '342', '343', '344', '345', '346', '347', '348', '349', '350', '351', '352', '353', '354', '355', '356', '357', '358', '359', '360', '361', '362', '363', '364', '365', '366', '367', '368', '369', '370', '371', '372', '373', '374', '375', '376', '377', '378', '379', '380', '381', '382', '383', '384', '385', '386', '387', '388', '389', '390', '391', '392', '393', '394', '395', '396', '397', '398', '399', '400', '401', '402', '403', '404', '405', '406', '407', '408', '409', '410', '411', '412', '413', '414', '415', '416', '417', '418', '419', '420', '421', '422', '423', '424', '425', '426', '427', '428', '429', '430', '431', '432', '433', '434', '435', '436', '437', '438', '439', '440', '441', '442', '443', '444', '445', '446', '447', '448', '449', '450', '451', '452', '453', '454', '455', '456', '457', '458', '459', '460', '461', '462', '463', '464', '465', '466', '467', '468', '469', '470', '471', '472', '473', '474', '475', '476', '477', '478', '479', '480', '481', '482', '483', '484', '485', '486', '487', '488', '489', '490', '491', '492', '493', '494', '495', '496', '497', '498', '499', '500', '501', '502', '503', '504', '505', '506', '507', '508', '509', '510', '511', '512', '513', '514', '515', '516', '517', '518', '519', '520', '521', '522', '523', '524', '525', '526', '527', '528', '529', '530', '531', '532', '533', '534', '535', '536', '537', '538', '539', '540', '541', '542', '543', '544', '545', '546', '547', '548', '549', '550', '551', '552', '553', '554', '555', '556', '557', '558', '559', '560', '561', '562', '563', '564', '565', '566', '567', '568', '569', '570', '571', '572', '573', '574', '575', '576', '577', '578', '579', '580', '581', '582', '583', '584', '585', '586', '587', '588', '589', '590', '591', '592', '593', '594', '595', '596', '597', '598', '599', '600', '601', '602', '603', '604', '605', '606', '607', '608', '609', '610', '611', '612', '613', '614', '615', '616', '617', '618', '619', '620', '621', '622', '623', '624', '625', '626', '627', '628', '629', '630', '631', '632', '633', '634', '635', '636', '637', '638', '639', '640', '641', '642', '643', '644', '645', '646', '647', '648', '649', '650', '651', '652', '653', '654', '655', '656', '657', '658', '659', '660', '661', '662', '663', '664', '665', '666', '667', '668', '669', '670', '671', '672', '673', '674', '675', '676', '677', '678', '679', '680', '681', '682', '683', '684', '685', '686', '687', '688', '689', '690', '691', '692', '693', '694', '695', '696', '697', '698', '699', '700', '701', '702', '703', '704', '705', '706', '707', '708', '709', '710', '711', '712', '713', '714', '715', '716', '717', '718', '719', '720', '721', '722', '723', '724', '725', '726', '727', '728', '729', '730', '731', '732', '733', '734', '735', '736', '737', '738', '739', '740', '741', '742', '743', '744', '745', '746', '747', '748', '749', '750', '751', '752', '753', '754', '755', '756', '757', '758', '759', '760', '761', '762', '763', '764', '765', '766', '767', '768', '769', '770', '771', '772', '773', '774', '775', '776', '777', '778', '779', '780', '781', '782', '783', '784', '785', '786', '787', '788', '789', '790', '791', '792', '793', '794', '795', '796', '797', '798', '799', '800', '801', '802', '803', '804', '805', '806', '807', '808', '809', '810', '811', '812', '813', '814', '815', '816', '817', '818', '819', '820', '821', '822', '823', '824', '825', '826', '827', '828', '829', '830', '831', '832', '833', '834', '835', '836', '837', '838', '839', '840', '841', '842', '843', '844', '845', '846', '847', '848', '849', '850', '851', '852', '853', '854', '855', '856', '857', '858', '859', '860', '861', '862', '863', '864', '865', '866', '867', '868', '869', '870', '871', '872', '873', '874', '875', '876', '877', '878', '879', '880', '881', '882', '883', '884', '885', '886', '887', '888', '889', '890', '891', '892', '893', '894', '895', '896', '897', '898', '899', '900', '901', '902', '903', '904', '905', '906', '907', '908', '909', '910', '911', '912', '913', '914', '915', '916', '917', '918', '919', '920', '921', '922', '923', '924', '925', '926', '927', '928', '929', '930', '931', '932', '933', '934', '935', '936', '937', '938', '939', '940', '941', '942', '943', '944', '945', '946', '947', '948', '949', '950', '951', '952', '953', '954', '955', '956', '957', '958', '959', '960', '961', '962', '963', '964', '965', '966', '967', '968', '969', '970', '971', '972', '973', '974', '975', '976', '977', '978', '979', '980', '981', '982', '983', '984', '985', '986', '987', '988', '989', '990', '991', '992', '993', '994', '995', '996', '997', '998', '999'])"
      ]
     },
     "execution_count": 30,
     "metadata": {},
     "output_type": "execute_result"
    }
   ],
   "source": [
    "data2.keys()"
   ]
  },
  {
   "cell_type": "code",
   "execution_count": 31,
   "metadata": {},
   "outputs": [
    {
     "data": {
      "text/plain": [
       "[{'cam_R_m2c': [-0.7182501554489136,\n",
       "   0.6260109543800354,\n",
       "   -0.3036886751651764,\n",
       "   0.6777347922325134,\n",
       "   0.5306867957115173,\n",
       "   -0.5089666247367859,\n",
       "   -0.15745513141155243,\n",
       "   -0.5713858008384705,\n",
       "   -0.805435299873352],\n",
       "  'cam_t_m2c': [174.7747344970703, -67.43106079101562, 1010.6671142578125],\n",
       "  'obj_id': 3},\n",
       " {'cam_R_m2c': [-0.7912083268165588,\n",
       "   -0.5308125615119934,\n",
       "   -0.30368903279304504,\n",
       "   -0.33625149726867676,\n",
       "   0.7923938632011414,\n",
       "   -0.5089664459228516,\n",
       "   0.5108071565628052,\n",
       "   -0.3005826771259308,\n",
       "   -0.8054351210594177],\n",
       "  'cam_t_m2c': [-118.65747833251953, -208.55807495117188, 1169.1048583984375],\n",
       "  'obj_id': 13},\n",
       " {'cam_R_m2c': [-0.8234213590621948,\n",
       "   0.4793235957622528,\n",
       "   -0.3036889433860779,\n",
       "   0.5654918551445007,\n",
       "   0.6489774584770203,\n",
       "   -0.5089669823646545,\n",
       "   -0.046872518956661224,\n",
       "   -0.5908276438713074,\n",
       "   -0.8054355382919312],\n",
       "  'cam_t_m2c': [339.1994934082031, -516.7691650390625, 1221.876953125],\n",
       "  'obj_id': 1},\n",
       " {'cam_R_m2c': [-0.36024245619773865,\n",
       "   0.8820417523384094,\n",
       "   -0.30369067192077637,\n",
       "   0.8439447283744812,\n",
       "   0.1694435477256775,\n",
       "   -0.5089659690856934,\n",
       "   -0.39747071266174316,\n",
       "   -0.43964919447898865,\n",
       "   -0.8054353594779968],\n",
       "  'cam_t_m2c': [4.52531676273793e-05, 4.775900742970407e-05, 1037.20263671875],\n",
       "  'obj_id': 10},\n",
       " {'cam_R_m2c': [0.2748332619667053,\n",
       "   0.9122714996337891,\n",
       "   -0.3036896586418152,\n",
       "   0.7626308798789978,\n",
       "   -0.39918386936187744,\n",
       "   -0.5089660286903381,\n",
       "   -0.585543155670166,\n",
       "   -0.09172233194112778,\n",
       "   -0.8054354190826416],\n",
       "  'cam_t_m2c': [279.9915771484375, -78.7159194946289, 888.1517944335938],\n",
       "  'obj_id': 2},\n",
       " {'cam_R_m2c': [-0.8363803625106812,\n",
       "   -0.4563339352607727,\n",
       "   -0.3036893308162689,\n",
       "   -0.2624776065349579,\n",
       "   0.8197917938232422,\n",
       "   -0.5089665055274963,\n",
       "   0.48122069239616394,\n",
       "   -0.34597793221473694,\n",
       "   -0.8054352402687073],\n",
       "  'cam_t_m2c': [-182.88427734375, -355.650634765625, 1311.4970703125],\n",
       "  'obj_id': 4},\n",
       " {'cam_R_m2c': [0.8757018446922302,\n",
       "   0.37539181113243103,\n",
       "   -0.30368945002555847,\n",
       "   0.18396513164043427,\n",
       "   -0.8408985137939453,\n",
       "   -0.5089664459228516,\n",
       "   -0.44643378257751465,\n",
       "   0.38983461260795593,\n",
       "   -0.8054353594779968],\n",
       "  'cam_t_m2c': [388.3682861328125, 61.74982452392578, 838.3649291992188],\n",
       "  'obj_id': 12},\n",
       " {'cam_R_m2c': [0.9503217935562134,\n",
       "   0.06827373802661896,\n",
       "   -0.30368930101394653,\n",
       "   -0.10123568028211594,\n",
       "   -0.8548126220703125,\n",
       "   -0.5089666247367859,\n",
       "   -0.2943464517593384,\n",
       "   0.5144262909889221,\n",
       "   -0.8054353594779968],\n",
       "  'cam_t_m2c': [-91.68128204345703, -78.0037841796875, 1105.30712890625],\n",
       "  'obj_id': 7},\n",
       " {'cam_R_m2c': [-0.9501025080680847,\n",
       "   -0.07126181572675705,\n",
       "   -0.303689569234848,\n",
       "   0.09854719787836075,\n",
       "   0.8551266193389893,\n",
       "   -0.5089665055274963,\n",
       "   0.295962929725647,\n",
       "   -0.5134980082511902,\n",
       "   -0.8054353594779968],\n",
       "  'cam_t_m2c': [415.7566223144531, -161.63888549804688, 910.8796997070312],\n",
       "  'obj_id': 15},\n",
       " {'cam_R_m2c': [0.9291934370994568,\n",
       "   -0.21064738929271698,\n",
       "   -0.30368930101394653,\n",
       "   -0.345115065574646,\n",
       "   -0.7885739207267761,\n",
       "   -0.5089662671089172,\n",
       "   -0.13226906955242157,\n",
       "   0.5777359008789062,\n",
       "   -0.8054353594779968],\n",
       "  'cam_t_m2c': [-277.3834228515625, -249.60321044921875, 1210.203369140625],\n",
       "  'obj_id': 14},\n",
       " {'cam_R_m2c': [0.8343245387077332,\n",
       "   -0.46008196473121643,\n",
       "   -0.30368924140930176,\n",
       "   -0.5502762198448181,\n",
       "   -0.6619284749031067,\n",
       "   -0.508966326713562,\n",
       "   0.03314567729830742,\n",
       "   0.5917560458183289,\n",
       "   -0.8054353594779968],\n",
       "  'cam_t_m2c': [265.2921142578125, -164.32521057128906, 1011.0830078125],\n",
       "  'obj_id': 6},\n",
       " {'cam_R_m2c': [0.025636622682213783,\n",
       "   -0.9524262547492981,\n",
       "   -0.30368921160697937,\n",
       "   -0.849419891834259,\n",
       "   0.1394241452217102,\n",
       "   -0.5089664459228516,\n",
       "   0.5270946025848389,\n",
       "   0.27100786566734314,\n",
       "   -0.8054354786872864],\n",
       "  'cam_t_m2c': [135.2853546142578, -497.0787658691406, 1236.0078125],\n",
       "  'obj_id': 11},\n",
       " {'cam_R_m2c': [0.21743085980415344,\n",
       "   -0.9276295900344849,\n",
       "   -0.3036893308162689,\n",
       "   -0.8600757718086243,\n",
       "   -0.03497018292546272,\n",
       "   -0.5089664459228516,\n",
       "   0.4615122377872467,\n",
       "   0.3718608617782593,\n",
       "   -0.805435299873352],\n",
       "  'cam_t_m2c': [-8.643686294555664, -478.55731201171875, 1332.654052734375],\n",
       "  'obj_id': 9},\n",
       " {'cam_R_m2c': [-0.924937903881073,\n",
       "   -0.22861050069332123,\n",
       "   -0.303689181804657,\n",
       "   -0.04534782096743584,\n",
       "   0.859591007232666,\n",
       "   -0.5089665055274963,\n",
       "   0.3774035573005676,\n",
       "   -0.4569907486438751,\n",
       "   -0.805435299873352],\n",
       "  'cam_t_m2c': [-249.15504455566406, -47.9428596496582, 1084.15966796875],\n",
       "  'obj_id': 5},\n",
       " {'cam_R_m2c': [-0.8745236992835999,\n",
       "   -0.37812942266464233,\n",
       "   -0.3036893606185913,\n",
       "   -0.18659481406211853,\n",
       "   0.8403186202049255,\n",
       "   -0.5089666247367859,\n",
       "   0.44765105843544006,\n",
       "   -0.38843631744384766,\n",
       "   -0.8054355978965759],\n",
       "  'cam_t_m2c': [225.50857543945312, 108.33233642578125, 797.5779418945312],\n",
       "  'obj_id': 8}]"
      ]
     },
     "execution_count": 31,
     "metadata": {},
     "output_type": "execute_result"
    }
   ],
   "source": [
    "data2['0']"
   ]
  },
  {
   "cell_type": "code",
   "execution_count": 32,
   "metadata": {},
   "outputs": [
    {
     "data": {
      "text/plain": [
       "(1000, 15)"
      ]
     },
     "execution_count": 32,
     "metadata": {},
     "output_type": "execute_result"
    }
   ],
   "source": [
    "len(data2), len(data2['0'])"
   ]
  },
  {
   "cell_type": "code",
   "execution_count": 33,
   "metadata": {},
   "outputs": [
    {
     "data": {
      "text/plain": [
       "{'cam_R_m2c': [-0.7182501554489136,\n",
       "  0.6260109543800354,\n",
       "  -0.3036886751651764,\n",
       "  0.6777347922325134,\n",
       "  0.5306867957115173,\n",
       "  -0.5089666247367859,\n",
       "  -0.15745513141155243,\n",
       "  -0.5713858008384705,\n",
       "  -0.805435299873352],\n",
       " 'cam_t_m2c': [174.7747344970703, -67.43106079101562, 1010.6671142578125],\n",
       " 'obj_id': 3}"
      ]
     },
     "execution_count": 33,
     "metadata": {},
     "output_type": "execute_result"
    }
   ],
   "source": [
    "data2['0'][0]"
   ]
  },
  {
   "cell_type": "code",
   "execution_count": 17,
   "metadata": {},
   "outputs": [
    {
     "data": {
      "text/plain": [
       "dict_keys(['cam_R_m2c', 'cam_t_m2c', 'obj_id'])"
      ]
     },
     "execution_count": 17,
     "metadata": {},
     "output_type": "execute_result"
    }
   ],
   "source": [
    "data2['0'][0].keys()"
   ]
  },
  {
   "cell_type": "code",
   "execution_count": 34,
   "metadata": {},
   "outputs": [
    {
     "data": {
      "text/plain": [
       "[-0.7182501554489136,\n",
       " 0.6260109543800354,\n",
       " -0.3036886751651764,\n",
       " 0.6777347922325134,\n",
       " 0.5306867957115173,\n",
       " -0.5089666247367859,\n",
       " -0.15745513141155243,\n",
       " -0.5713858008384705,\n",
       " -0.805435299873352]"
      ]
     },
     "execution_count": 34,
     "metadata": {},
     "output_type": "execute_result"
    }
   ],
   "source": [
    "data2['0'][0]['cam_R_m2c']"
   ]
  },
  {
   "cell_type": "code",
   "execution_count": 35,
   "metadata": {},
   "outputs": [
    {
     "data": {
      "text/plain": [
       "[174.7747344970703, -67.43106079101562, 1010.6671142578125]"
      ]
     },
     "execution_count": 35,
     "metadata": {},
     "output_type": "execute_result"
    }
   ],
   "source": [
    "data2['0'][0]['cam_t_m2c']"
   ]
  },
  {
   "cell_type": "code",
   "execution_count": 36,
   "metadata": {},
   "outputs": [
    {
     "data": {
      "text/plain": [
       "3"
      ]
     },
     "execution_count": 36,
     "metadata": {},
     "output_type": "execute_result"
    }
   ],
   "source": [
    "data2['0'][0]['obj_id']"
   ]
  },
  {
   "cell_type": "code",
   "execution_count": 43,
   "metadata": {},
   "outputs": [
    {
     "data": {
      "text/plain": [
       "dict_keys(['335094.385125.jpg', '335088.383020.jpg', '335083.381273.jpg', '335085.381971.jpg', '335090.883897.jpg', '335092.884598.jpg', '335095.885640.jpg', '335082.380921.jpg', '335085.882146.jpg', '335088.883195.jpg', '335081.380571.jpg', '335096.885988.jpg', '335093.884949.jpg', '335086.382329.jpg', '335093.384767.jpg', '335080.880396.jpg', '335098.886690.jpg', '335094.885290.jpg', '335092.384426.jpg', '335084.381629.jpg', '335089.883544.jpg', '335087.382669.jpg', '335086.882504.jpg', '335084.881797.jpg', '335098.386518.jpg', '335082.881097.jpg', '335081.880754.jpg', '335096.385814.jpg', '335087.882845.jpg', '335089.383375.jpg', '335097.386163.jpg', '335091.884242.jpg', '335090.383725.jpg', '335097.886338.jpg', '335095.385473.jpg', '335091.384069.jpg', '335083.881447.jpg'])"
      ]
     },
     "execution_count": 43,
     "metadata": {},
     "output_type": "execute_result"
    }
   ],
   "source": [
    "data1.keys()\n"
   ]
  },
  {
   "cell_type": "code",
   "execution_count": 44,
   "metadata": {},
   "outputs": [
    {
     "data": {
      "text/plain": [
       "{'timeStamp': 335094.385124583,\n",
       " 'cameraTransform': [[-0.543434, 0.7259884, -0.4214501, -0.3305167],\n",
       "  [-0.6031926, 0.01145563, 0.7975133, -0.07094041],\n",
       "  [0.5838134, 0.6876115, 0.4316855, -0.2173262],\n",
       "  [0, 0, 0, 1]],\n",
       " 'ARPointCloud': {'count': 23,\n",
       "  'points': [[0.04351114, -0.9550782, 0.04061998],\n",
       "   [0.5879195, -0.7592509, -0.3377869],\n",
       "   [0.5909127, -0.7910417, -0.2931145],\n",
       "   [-0.09668031, -0.5584686, -0.4563407],\n",
       "   [0.05669929, -0.955945, -0.1033896],\n",
       "   [0.07025397, -0.9622546, 0.07841311],\n",
       "   [0.03297542, -0.4325245, -0.7406644],\n",
       "   [-0.04633335, -0.5556594, -0.2963029],\n",
       "   [0.3855214, -0.5851535, -0.4785034],\n",
       "   [-0.1644942, -0.536579, -0.5765557],\n",
       "   [-0.2525781, -0.5664767, -0.4659978],\n",
       "   [-0.2651461, -0.5584938, -0.459415],\n",
       "   [0.06716216, -1.017236, 0.03056563],\n",
       "   [0.03493768, -1.003418, 0.03227394],\n",
       "   [0.0772149, -0.8869355, -0.1278779],\n",
       "   [-0.1012674, -0.5649287, -0.4373253],\n",
       "   [0.04178523, -0.9280373, 0.03822511],\n",
       "   [0.4846625, -0.8617582, -0.02537142],\n",
       "   [0.4667806, -0.8745155, -0.01420208],\n",
       "   [0.1898394, -0.7434862, 0.01543085],\n",
       "   [0.4060154, -0.5852606, -0.484432],\n",
       "   [-0.04167344, -0.5645111, -0.3078572],\n",
       "   [-0.2441082, -0.3036911, -0.1465766]]},\n",
       " 'cameraIntrinsics': [[1447.501, 0, 967.329],\n",
       "  [0, 1447.501, 723.8528],\n",
       "  [0, 0, 1]],\n",
       " 'imageName': '335094.385125.jpg',\n",
       " 'cameraPos': {'z': -0.2173262, 'y': -0.07094041, 'x': -0.3305167},\n",
       " 'cameraEulerAngle': {'z': -1.551807, 'y': -0.7734014, 'x': -0.9231621},\n",
       " 'imageResolution': {'width': 1920, 'height': 1440},\n",
       " 'lightEstimate': 1028.848052024841}"
      ]
     },
     "execution_count": 44,
     "metadata": {},
     "output_type": "execute_result"
    }
   ],
   "source": [
    "data1['335094.385125.jpg']"
   ]
  },
  {
   "cell_type": "code",
   "execution_count": 46,
   "metadata": {},
   "outputs": [
    {
     "data": {
      "text/plain": [
       "dict_keys(['timeStamp', 'cameraTransform', 'ARPointCloud', 'cameraIntrinsics', 'imageName', 'cameraPos', 'cameraEulerAngle', 'imageResolution', 'lightEstimate'])"
      ]
     },
     "execution_count": 46,
     "metadata": {},
     "output_type": "execute_result"
    }
   ],
   "source": [
    "data1['335094.385125.jpg'].keys()"
   ]
  },
  {
   "cell_type": "code",
   "execution_count": 53,
   "metadata": {},
   "outputs": [
    {
     "data": {
      "text/plain": [
       "(1000, 37)"
      ]
     },
     "execution_count": 53,
     "metadata": {},
     "output_type": "execute_result"
    }
   ],
   "source": [
    "len(data2), len(data1)"
   ]
  },
  {
   "cell_type": "code",
   "execution_count": 49,
   "metadata": {},
   "outputs": [
    {
     "data": {
      "text/plain": [
       "[{'cam_R_m2c': [-0.7182501554489136,\n",
       "   0.6260109543800354,\n",
       "   -0.3036886751651764,\n",
       "   0.6777347922325134,\n",
       "   0.5306867957115173,\n",
       "   -0.5089666247367859,\n",
       "   -0.15745513141155243,\n",
       "   -0.5713858008384705,\n",
       "   -0.805435299873352],\n",
       "  'cam_t_m2c': [174.7747344970703, -67.43106079101562, 1010.6671142578125],\n",
       "  'obj_id': 3},\n",
       " {'cam_R_m2c': [-0.7912083268165588,\n",
       "   -0.5308125615119934,\n",
       "   -0.30368903279304504,\n",
       "   -0.33625149726867676,\n",
       "   0.7923938632011414,\n",
       "   -0.5089664459228516,\n",
       "   0.5108071565628052,\n",
       "   -0.3005826771259308,\n",
       "   -0.8054351210594177],\n",
       "  'cam_t_m2c': [-118.65747833251953, -208.55807495117188, 1169.1048583984375],\n",
       "  'obj_id': 13},\n",
       " {'cam_R_m2c': [-0.8234213590621948,\n",
       "   0.4793235957622528,\n",
       "   -0.3036889433860779,\n",
       "   0.5654918551445007,\n",
       "   0.6489774584770203,\n",
       "   -0.5089669823646545,\n",
       "   -0.046872518956661224,\n",
       "   -0.5908276438713074,\n",
       "   -0.8054355382919312],\n",
       "  'cam_t_m2c': [339.1994934082031, -516.7691650390625, 1221.876953125],\n",
       "  'obj_id': 1},\n",
       " {'cam_R_m2c': [-0.36024245619773865,\n",
       "   0.8820417523384094,\n",
       "   -0.30369067192077637,\n",
       "   0.8439447283744812,\n",
       "   0.1694435477256775,\n",
       "   -0.5089659690856934,\n",
       "   -0.39747071266174316,\n",
       "   -0.43964919447898865,\n",
       "   -0.8054353594779968],\n",
       "  'cam_t_m2c': [4.52531676273793e-05, 4.775900742970407e-05, 1037.20263671875],\n",
       "  'obj_id': 10},\n",
       " {'cam_R_m2c': [0.2748332619667053,\n",
       "   0.9122714996337891,\n",
       "   -0.3036896586418152,\n",
       "   0.7626308798789978,\n",
       "   -0.39918386936187744,\n",
       "   -0.5089660286903381,\n",
       "   -0.585543155670166,\n",
       "   -0.09172233194112778,\n",
       "   -0.8054354190826416],\n",
       "  'cam_t_m2c': [279.9915771484375, -78.7159194946289, 888.1517944335938],\n",
       "  'obj_id': 2},\n",
       " {'cam_R_m2c': [-0.8363803625106812,\n",
       "   -0.4563339352607727,\n",
       "   -0.3036893308162689,\n",
       "   -0.2624776065349579,\n",
       "   0.8197917938232422,\n",
       "   -0.5089665055274963,\n",
       "   0.48122069239616394,\n",
       "   -0.34597793221473694,\n",
       "   -0.8054352402687073],\n",
       "  'cam_t_m2c': [-182.88427734375, -355.650634765625, 1311.4970703125],\n",
       "  'obj_id': 4},\n",
       " {'cam_R_m2c': [0.8757018446922302,\n",
       "   0.37539181113243103,\n",
       "   -0.30368945002555847,\n",
       "   0.18396513164043427,\n",
       "   -0.8408985137939453,\n",
       "   -0.5089664459228516,\n",
       "   -0.44643378257751465,\n",
       "   0.38983461260795593,\n",
       "   -0.8054353594779968],\n",
       "  'cam_t_m2c': [388.3682861328125, 61.74982452392578, 838.3649291992188],\n",
       "  'obj_id': 12},\n",
       " {'cam_R_m2c': [0.9503217935562134,\n",
       "   0.06827373802661896,\n",
       "   -0.30368930101394653,\n",
       "   -0.10123568028211594,\n",
       "   -0.8548126220703125,\n",
       "   -0.5089666247367859,\n",
       "   -0.2943464517593384,\n",
       "   0.5144262909889221,\n",
       "   -0.8054353594779968],\n",
       "  'cam_t_m2c': [-91.68128204345703, -78.0037841796875, 1105.30712890625],\n",
       "  'obj_id': 7},\n",
       " {'cam_R_m2c': [-0.9501025080680847,\n",
       "   -0.07126181572675705,\n",
       "   -0.303689569234848,\n",
       "   0.09854719787836075,\n",
       "   0.8551266193389893,\n",
       "   -0.5089665055274963,\n",
       "   0.295962929725647,\n",
       "   -0.5134980082511902,\n",
       "   -0.8054353594779968],\n",
       "  'cam_t_m2c': [415.7566223144531, -161.63888549804688, 910.8796997070312],\n",
       "  'obj_id': 15},\n",
       " {'cam_R_m2c': [0.9291934370994568,\n",
       "   -0.21064738929271698,\n",
       "   -0.30368930101394653,\n",
       "   -0.345115065574646,\n",
       "   -0.7885739207267761,\n",
       "   -0.5089662671089172,\n",
       "   -0.13226906955242157,\n",
       "   0.5777359008789062,\n",
       "   -0.8054353594779968],\n",
       "  'cam_t_m2c': [-277.3834228515625, -249.60321044921875, 1210.203369140625],\n",
       "  'obj_id': 14},\n",
       " {'cam_R_m2c': [0.8343245387077332,\n",
       "   -0.46008196473121643,\n",
       "   -0.30368924140930176,\n",
       "   -0.5502762198448181,\n",
       "   -0.6619284749031067,\n",
       "   -0.508966326713562,\n",
       "   0.03314567729830742,\n",
       "   0.5917560458183289,\n",
       "   -0.8054353594779968],\n",
       "  'cam_t_m2c': [265.2921142578125, -164.32521057128906, 1011.0830078125],\n",
       "  'obj_id': 6},\n",
       " {'cam_R_m2c': [0.025636622682213783,\n",
       "   -0.9524262547492981,\n",
       "   -0.30368921160697937,\n",
       "   -0.849419891834259,\n",
       "   0.1394241452217102,\n",
       "   -0.5089664459228516,\n",
       "   0.5270946025848389,\n",
       "   0.27100786566734314,\n",
       "   -0.8054354786872864],\n",
       "  'cam_t_m2c': [135.2853546142578, -497.0787658691406, 1236.0078125],\n",
       "  'obj_id': 11},\n",
       " {'cam_R_m2c': [0.21743085980415344,\n",
       "   -0.9276295900344849,\n",
       "   -0.3036893308162689,\n",
       "   -0.8600757718086243,\n",
       "   -0.03497018292546272,\n",
       "   -0.5089664459228516,\n",
       "   0.4615122377872467,\n",
       "   0.3718608617782593,\n",
       "   -0.805435299873352],\n",
       "  'cam_t_m2c': [-8.643686294555664, -478.55731201171875, 1332.654052734375],\n",
       "  'obj_id': 9},\n",
       " {'cam_R_m2c': [-0.924937903881073,\n",
       "   -0.22861050069332123,\n",
       "   -0.303689181804657,\n",
       "   -0.04534782096743584,\n",
       "   0.859591007232666,\n",
       "   -0.5089665055274963,\n",
       "   0.3774035573005676,\n",
       "   -0.4569907486438751,\n",
       "   -0.805435299873352],\n",
       "  'cam_t_m2c': [-249.15504455566406, -47.9428596496582, 1084.15966796875],\n",
       "  'obj_id': 5},\n",
       " {'cam_R_m2c': [-0.8745236992835999,\n",
       "   -0.37812942266464233,\n",
       "   -0.3036893606185913,\n",
       "   -0.18659481406211853,\n",
       "   0.8403186202049255,\n",
       "   -0.5089666247367859,\n",
       "   0.44765105843544006,\n",
       "   -0.38843631744384766,\n",
       "   -0.8054355978965759],\n",
       "  'cam_t_m2c': [225.50857543945312, 108.33233642578125, 797.5779418945312],\n",
       "  'obj_id': 8}]"
      ]
     },
     "execution_count": 49,
     "metadata": {},
     "output_type": "execute_result"
    }
   ],
   "source": [
    "data2['0']"
   ]
  },
  {
   "cell_type": "code",
   "execution_count": 45,
   "metadata": {},
   "outputs": [],
   "source": [
    "data1_keys = list(data1.keys())\n",
    "data2_keys = list(data2.keys())"
   ]
  },
  {
   "cell_type": "code",
   "execution_count": 50,
   "metadata": {},
   "outputs": [
    {
     "data": {
      "text/plain": [
       "dict_keys(['cam_R_m2c', 'cam_t_m2c', 'obj_id'])"
      ]
     },
     "execution_count": 50,
     "metadata": {},
     "output_type": "execute_result"
    }
   ],
   "source": [
    "data2['0'][0].keys()"
   ]
  },
  {
   "cell_type": "code",
   "execution_count": 54,
   "metadata": {},
   "outputs": [
    {
     "data": {
      "text/plain": [
       "3"
      ]
     },
     "execution_count": 54,
     "metadata": {},
     "output_type": "execute_result"
    }
   ],
   "source": [
    "data2['0'][0]['obj_id']"
   ]
  },
  {
   "cell_type": "code",
   "execution_count": 83,
   "metadata": {},
   "outputs": [],
   "source": [
    "extrinsics_dict = {}\n",
    "object_number = 101\n",
    "for i in range(len(data1_keys)):\n",
    "\n",
    "    extrinsics = np.array(data1[data1_keys[i]]['cameraTransform'])\n",
    "    scale_factor = extrinsics[-1,-1]\n",
    "    R = extrinsics[:3,:3] / scale_factor\n",
    "    t = extrinsics[:3,-1] / scale_factor\n",
    "\n",
    "    frame_list = []\n",
    "    frame_dict = {}\n",
    "    frame_dict['cam_R_m2c'] = list(R.reshape(-1,))\n",
    "    frame_dict['cam_t_m2c'] = list(t)\n",
    "    frame_dict['obj_id'] = object_number\n",
    "    frame_list.append(frame_dict)\n",
    "    extrinsics_dict[str(i)] = frame_list"
   ]
  },
  {
   "cell_type": "code",
   "execution_count": 84,
   "metadata": {},
   "outputs": [
    {
     "data": {
      "text/plain": [
       "{'cam_R_m2c': [-0.7182501554489136,\n",
       "  0.6260109543800354,\n",
       "  -0.3036886751651764,\n",
       "  0.6777347922325134,\n",
       "  0.5306867957115173,\n",
       "  -0.5089666247367859,\n",
       "  -0.15745513141155243,\n",
       "  -0.5713858008384705,\n",
       "  -0.805435299873352],\n",
       " 'cam_t_m2c': [174.7747344970703, -67.43106079101562, 1010.6671142578125],\n",
       " 'obj_id': 3}"
      ]
     },
     "execution_count": 84,
     "metadata": {},
     "output_type": "execute_result"
    }
   ],
   "source": [
    "data2['0'][0]"
   ]
  },
  {
   "cell_type": "code",
   "execution_count": 85,
   "metadata": {},
   "outputs": [
    {
     "data": {
      "text/plain": [
       "{'cam_R_m2c': [-0.543434,\n",
       "  0.7259884,\n",
       "  -0.4214501,\n",
       "  -0.6031926,\n",
       "  0.01145563,\n",
       "  0.7975133,\n",
       "  0.5838134,\n",
       "  0.6876115,\n",
       "  0.4316855],\n",
       " 'cam_t_m2c': [-0.3305167, -0.07094041, -0.2173262],\n",
       " 'obj_id': 101}"
      ]
     },
     "execution_count": 85,
     "metadata": {},
     "output_type": "execute_result"
    }
   ],
   "source": [
    "extrinsics_dict['0'][0]"
   ]
  },
  {
   "cell_type": "code",
   "execution_count": 86,
   "metadata": {},
   "outputs": [],
   "source": [
    "extrinsics_json_path = \"/home/amogh/research/datasets/lm_format/train/000101/scene_gt.json\"\n",
    "\n",
    "with open(extrinsics_json_path, \"w\") as f:\n",
    "    json.dump(extrinsics_dict, f)"
   ]
  },
  {
   "cell_type": "code",
   "execution_count": 77,
   "metadata": {},
   "outputs": [
    {
     "data": {
      "text/plain": [
       "{'0': [{'cam_R_m2c': [-0.543434,\n",
       "    0.7259884,\n",
       "    -0.4214501,\n",
       "    -0.6031926,\n",
       "    0.01145563,\n",
       "    0.7975133,\n",
       "    0.5838134,\n",
       "    0.6876115,\n",
       "    0.4316855],\n",
       "   'cam_t_m2c': [-0.3305167, -0.07094041, -0.2173262],\n",
       "   'obj_id': 100}],\n",
       " '1': [{'cam_R_m2c': [-0.014827691482769146,\n",
       "    0.9978018997801898,\n",
       "    0.06458711645871165,\n",
       "    -0.5427583542758354,\n",
       "    -0.06228139622813962,\n",
       "    0.8375764837576484,\n",
       "    0.8397580839758083,\n",
       "    -0.022635862263586225,\n",
       "    0.5424889542488954],\n",
       "   'cam_t_m2c': [-0.02515911251591125,\n",
       "    -0.06792730679273067,\n",
       "    -0.1602308160230816],\n",
       "   'obj_id': 100}],\n",
       " '2': [{'cam_R_m2c': [0.508262350826235,\n",
       "    0.7766237776623778,\n",
       "    0.3721895372189537,\n",
       "    -0.5542546554254656,\n",
       "    -0.03579280357928036,\n",
       "    0.8315772831577283,\n",
       "    0.6591443659144366,\n",
       "    -0.6289471628947162,\n",
       "    0.4122552412255241],\n",
       "   'cam_t_m2c': [0.13806201380620137,\n",
       "    -0.2210339221033922,\n",
       "    -0.21372082137208212],\n",
       "   'obj_id': 100}],\n",
       " '3': [{'cam_R_m2c': [0.424489,\n",
       "    0.8717071,\n",
       "    0.2448182,\n",
       "    -0.559031,\n",
       "    0.03962824,\n",
       "    0.8281993,\n",
       "    0.7122454,\n",
       "    -0.4884223,\n",
       "    0.5041331],\n",
       "   'cam_t_m2c': [0.07631534, -0.1492986, -0.1677068],\n",
       "   'obj_id': 100}],\n",
       " '4': [{'cam_R_m2c': [-0.2423515,\n",
       "    0.960941,\n",
       "    -0.1336342,\n",
       "    -0.5764255,\n",
       "    -0.03182434,\n",
       "    0.8165298,\n",
       "    0.7803841,\n",
       "    0.2749174,\n",
       "    0.5616236],\n",
       "   'cam_t_m2c': [-0.1914044, -0.05655932, -0.1689278],\n",
       "   'obj_id': 100}],\n",
       " '5': [{'cam_R_m2c': [-0.423626,\n",
       "    0.8552238,\n",
       "    -0.2985519,\n",
       "    -0.5947327,\n",
